Galaxy   D[Mpc]  b_W[mag/dex]  sigma[mag/dex] sigma_{scat}[mag/dex]    Z_W[mag/dex]   sigma[mag/dex]   sigma_{scat}[mag/dex] 
          
 M101   6.71 -2.99 0.14 0.18 -1.14 0.86 3.2
 M1337 38.53 -4.  0.85 0.18 -19.44 6.27 3.2
 N0691 35.4 -2.64 0.57 0.18 -0.73 2.54 3.2
 N1015 35.6 -3.63 0.43 0.18  2.57 1.3 3.2
 N0105 73.8 -5.13 2.13 0.18  6.21 3.8 3.2
 N1309 29.4 -3.23 0.44 0.18 -0.77 0.59 3.2
 N1365 22.8 -2.9  0.37 0.18 -1.45 0.39 3.2
 N1448 16.3 -3.21 0.12 0.18 -1.3 0.39 3.2
 N1559 19.3 -3.27 0.18 0.18 -2.55 1.62 3.2
 N2442 20.1 -3.05 0.2 0.18   3.94 0.58 3.2
 N2525 27.2 -3.2  0.37 0.18 -1.75 2.74 3.2
 N2608 35.4 -3.24 0.73 0.18  1.82 2.33 3.2
 N3021 26.6 -3.3  0.89 0.18 -1.03 2.85 3.2
 N3147 42.5 -4.72 0.73 0.18 -11.43 9.13 3.2
 N3254 24.4 -3.05 0.31 0.18 -0.22 0.57 3.2
 N3370 24   -3.55 0.23 0.18 -1.46 0.4  3.2
 N3447 20.8 -3.48 0.13 0.18 -0.62 0.66 3.2
 N3583 34.4 -2.57 0.31 0.18 -0.06 0.62 3.2
 N3972 15.1 -3.58 0.32 0.18  4.9 1.58  3.2
 N3982 19   -2.47 0.36 0.18  0.46 0.47 3.2
 N4038 29.3 -2.63 0.47 0.18  0.54 2.07 3.2
 N4424 16.4  1.01 1.26 0.18  0.29 4.33 3.2
 N4536 31.9 -3.25 0.19 0.18 -2.82 0.56 3.2
 N4639 19.8 -3.08 0.51 0.18 -2.12 0.64 3.2
 N4680 42.1 -3.12 1.22 0.18  1.48 3.27 3.2
 N5468 46.3 -2.62 0.35 0.18  1.12 0.74 3.2
 N5584 28   -3.26 0.16 0.18  0.4 0.36  3.2
 N5643 20.7 -3.1  0.12 0.18  2.9 1.17  3.2
 N5728 44.9 -5.09 1.34 0.18 -15.19 5.71 3.2
 N5861 30.3 -2.5  0.45 0.18  1.65 0.72 3.2
 N5917 31   -4.54 1.17 0.18 -17.82 6.56 3.2
 N7250 12.8 -2.75 0.39 0.18 -8.33 4.44 3.2
 N7329 46.8 -3.04 0.76 0.18  6.74 1.86 3.2
 N7541 34.4 -3.54 0.71 0.18 -0.04 1.08 3.2
 N7678 46.6 -2.73 1.03 0.18  2.16 2.27 3.2
 N0976 60.5 -1.79 1.24 0.18  3.71 2.73 3.2
 U9391 29.4 -3.33 0.43 0.18 -4.2 1.51  3.2
 N4258 7.4  -3.32 0.06 0.18 -7.67 0.31 3.2
 M31  0.86  -3.29 0.07 0.18 -4.85 0.35 3.2
LMC  0.05  -3.31  0.017 0.18  -    -   3.2
SMC  0.06  -3.31  0.017 0.18  -    -   3.2
MW    0    -3.26  0.05  0.18 -0.2 0.12 3.2
